onset	duration	trial_type	value	sample
22.32598876953125	0.0	active/pos	34817	365789
22.56451416015625	0.0	active/pos	34817	369697
23.48175048828125	0.0	active/neg	34818	384725
23.9921875	0.0	active/pos	34817	393088
24.50262451171875	0.0	active/neg	34818	401451
25.012939453125	0.0	active/pos	34817	409812
25.5233154296875	0.0	active/neg	34818	418174
26.0638427734375	0.0	active/pos	34817	427030
26.54412841796875	0.0	active/neg	34818	434899
27.039306640625	0.0	active/pos	34817	443012
27.625	0.0	active/neg	34818	452608
28.1654052734375	0.0	active/pos	34817	461462
28.6756591796875	0.0	active/neg	34818	469822
29.20111083984375	0.0	active/pos	34817	478431
29.74139404296875	0.0	active/neg	34818	487283
30.26678466796875	0.0	active/pos	34817	495891
30.77734375	0.0	active/neg	34818	504256
31.31768798828125	0.0	active/pos	34817	513109
31.8280029296875	0.0	active/neg	34818	521470
32.36846923828125	0.0	active/pos	34817	530325
32.87884521484375	0.0	active/neg	34818	538687
33.374267578125	0.0	active/pos	34817	546804
33.87005615234375	0.0	active/neg	34818	554927
34.41064453125	0.0	active/pos	34817	563784
34.93536376953125	0.0	active/neg	34818	572381
35.44561767578125	0.0	active/pos	34817	580741
36.001220703125	0.0	active/neg	34818	589844
36.51165771484375	0.0	active/pos	34817	598207
37.02203369140625	0.0	active/neg	34818	606569
37.56231689453125	0.0	active/pos	34817	615421
38.1029052734375	0.0	active/neg	34818	624278
38.6131591796875	0.0	active/pos	34817	632638
39.09356689453125	0.0	active/neg	34818	640509
39.618896484375	0.0	active/pos	34817	649116
40.1593017578125	0.0	active/neg	34818	657970
40.71466064453125	0.0	active/pos	34817	667069
41.15008544921875	0.0	active/neg	34818	674203
41.660400390625	0.0	active/pos	34817	682564
42.17083740234375	0.0	active/neg	34818	690927
42.6961669921875	0.0	active/pos	34817	699534
43.20660400390625	0.0	active/neg	34818	707897
43.77703857421875	0.0	active/pos	34817	717243
44.31756591796875	0.0	active/neg	34818	726099
44.81292724609375	0.0	active/pos	34817	734215
45.32318115234375	0.0	active/neg	34818	742575
45.8184814453125	0.0	active/pos	34817	750690
46.2989501953125	0.0	active/neg	34818	758562
46.80926513671875	0.0	active/pos	34817	766923
47.33465576171875	0.0	active/neg	34818	775531
47.86016845703125	0.0	active/pos	34817	784141
48.400390625	0.0	active/neg	34818	792992
48.89593505859375	0.0	active/pos	34817	801111
49.40625	0.0	active/neg	34818	809472
49.91668701171875	0.0	active/pos	34817	817835
50.41192626953125	0.0	active/neg	34818	825949
50.9373779296875	0.0	active/pos	34817	834558
51.41796875	0.0	active/neg	34818	842432
51.94329833984375	0.0	active/pos	34817	851039
52.42352294921875	0.0	active/neg	34818	858907
52.94903564453125	0.0	active/pos	34817	867517
53.4742431640625	0.0	active/neg	34818	876122
53.9996337890625	0.0	active/pos	34817	884730
54.51007080078125	0.0	active/neg	34818	893093
55.03533935546875	0.0	active/pos	34817	901699
55.54595947265625	0.0	active/neg	34818	910065
56.08624267578125	0.0	active/pos	34817	918917
56.5823974609375	0.0	active/neg	34818	927046
57.0919189453125	0.0	active/pos	34817	935394
57.57232666015625	0.0	active/neg	34818	943265
58.08270263671875	0.0	active/pos	34817	951627
58.6231689453125	0.0	active/neg	34818	960482
59.14849853515625	0.0	active/pos	34817	969089
59.6588134765625	0.0	active/neg	34818	977450
60.1993408203125	0.0	active/pos	34817	986306
60.72479248046875	0.0	active/neg	34818	994915
61.26513671875	0.0	active/pos	34817	1003768
61.7904052734375	0.0	active/neg	34818	1012374
62.301025390625	0.0	active/pos	34817	1020740
62.84124755859375	0.0	active/neg	34818	1029591
63.3216552734375	0.0	active/pos	34817	1037462
63.84716796875	0.0	active/neg	34818	1046072
64.342529296875	0.0	active/pos	34817	1054188
64.89788818359375	0.0	active/neg	34818	1063287
65.438232421875	0.0	active/pos	34817	1072140
65.9036865234375	0.0	active/neg	34818	1079766
66.44390869140625	0.0	active/pos	34817	1088617
66.98455810546875	0.0	active/neg	34818	1097475
67.5247802734375	0.0	active/pos	34817	1106326
68.050048828125	0.0	active/neg	34818	1114932
68.5455322265625	0.0	active/pos	34817	1123050
69.05596923828125	0.0	active/neg	34818	1131413
69.59637451171875	0.0	active/pos	34817	1140267
70.106689453125	0.0	active/neg	34818	1148628
70.63214111328125	0.0	active/pos	34817	1157237
71.1275634765625	0.0	active/neg	34818	1165354
71.66796875	0.0	active/pos	34817	1174208
72.208251953125	0.0	active/neg	34818	1183060
72.70367431640625	0.0	active/pos	34817	1191177
73.2591552734375	0.0	active/neg	34818	1200278
73.7545166015625	0.0	active/pos	34817	1208394
74.29486083984375	0.0	active/neg	34818	1217247
74.805419921875	0.0	active/pos	34817	1225612
75.34564208984375	0.0	active/neg	34818	1234463
75.87115478515625	0.0	active/pos	34817	1243073
76.41143798828125	0.0	active/neg	34818	1251925
76.92193603515625	0.0	active/pos	34817	1260289
77.43231201171875	0.0	active/neg	34818	1268651
77.94256591796875	0.0	active/pos	34817	1277011
78.48284912109375	0.0	active/neg	34818	1285863
78.9783935546875	0.0	active/pos	34817	1293982
79.518798828125	0.0	active/neg	34818	1302836
80.0291748046875	0.0	active/pos	34817	1311198
80.5245361328125	0.0	active/neg	34818	1319314
81.050048828125	0.0	active/pos	34817	1327924
81.54541015625	0.0	active/neg	34818	1336040
82.10125732421875	0.0	active/pos	34817	1345147
82.64129638671875	0.0	active/neg	34818	1353995
83.15167236328125	0.0	active/pos	34817	1362357
83.69189453125	0.0	active/neg	34818	1371208
84.21746826171875	0.0	active/pos	34817	1379819
84.74273681640625	0.0	active/neg	34818	1388425
85.778564453125	0.0	active/neg	34818	1405396
86.3192138671875	0.0	active/pos	34817	1414254
86.82928466796875	0.0	active/neg	34818	1422611
87.3546142578125	0.0	active/pos	34817	1431218
87.8499755859375	0.0	active/neg	34818	1439334
88.39044189453125	0.0	active/pos	34817	1448189
88.88568115234375	0.0	active/neg	34818	1456303
89.39630126953125	0.0	active/pos	34817	1464669
89.9515380859375	0.0	active/neg	34818	1473766
90.46209716796875	0.0	active/pos	34817	1482131
91.0023193359375	0.0	active/neg	34818	1490982
91.52789306640625	0.0	active/pos	34817	1499593
92.08331298828125	0.0	active/neg	34818	1508693
92.59344482421875	0.0	active/pos	34817	1517051
93.08905029296875	0.0	active/neg	34818	1525171
93.6295166015625	0.0	active/pos	34817	1534026
94.1546630859375	0.0	active/neg	34818	1542630
94.6953125	0.0	active/pos	34817	1551488
95.19061279296875	0.0	active/neg	34818	1559603
95.7310791015625	0.0	active/pos	34817	1568458
96.2413330078125	0.0	active/neg	34818	1576818
96.75164794921875	0.0	active/pos	34817	1585179
97.23193359375	0.0	active/neg	34818	1593048
97.72760009765625	0.0	active/pos	34817	1601169
98.312744140625	0.0	active/neg	34818	1610756
98.86834716796875	0.0	active/pos	34817	1619859
99.37872314453125	0.0	active/neg	34818	1628221
99.8890380859375	0.0	active/pos	34817	1636582
100.444580078125	0.0	active/neg	34818	1645684
100.96990966796875	0.0	active/pos	34817	1654291
101.51031494140625	0.0	active/neg	34818	1663145
102.0509033203125	0.0	active/pos	34817	1672002
102.57611083984375	0.0	active/neg	34818	1680607
103.08642578125	0.0	active/pos	34817	1688968
103.59686279296875	0.0	active/neg	34818	1697331
104.1221923828125	0.0	active/pos	34817	1705938
104.67767333984375	0.0	active/neg	34818	1715039
105.23297119140625	0.0	active/pos	34817	1724137
105.74346923828125	0.0	active/neg	34818	1732501
106.283935546875	0.0	active/pos	34817	1741356
106.76434326171875	0.0	active/neg	34818	1749227
107.27471923828125	0.0	active/pos	34817	1757589
107.8150634765625	0.0	active/neg	34818	1766442
108.3404541015625	0.0	active/pos	34817	1775050
108.89599609375	0.0	active/neg	34818	1784152
109.39111328125	0.0	active/pos	34817	1792264
109.901611328125	0.0	active/neg	34818	1800628
110.45697021484375	0.0	active/pos	34817	1809727
110.937255859375	0.0	active/neg	34818	1817596
111.43280029296875	0.0	active/pos	34817	1825715
112.003173828125	0.0	active/neg	34818	1835060
112.51361083984375	0.0	active/pos	34817	1843423
113.03887939453125	0.0	active/neg	34818	1852029
113.5643310546875	0.0	active/pos	34817	1860638
114.0897216796875	0.0	active/neg	34818	1869246
114.615234375	0.0	active/pos	34817	1877856
115.14056396484375	0.0	active/neg	34818	1886463
115.680908203125	0.0	active/pos	34817	1895316
116.16131591796875	0.0	active/neg	34818	1903187
116.6717529296875	0.0	active/pos	34817	1911550
117.212158203125	0.0	active/neg	34818	1920404
117.70758056640625	0.0	active/pos	34817	1928521
118.21783447265625	0.0	active/neg	34818	1936881
118.74346923828125	0.0	active/pos	34817	1945493
119.26861572265625	0.0	active/neg	34818	1954097
119.80889892578125	0.0	active/pos	34817	1962949
120.33441162109375	0.0	active/neg	34818	1971559
120.87481689453125	0.0	active/pos	34817	1980413
121.40020751953125	0.0	active/neg	34818	1989021
121.92559814453125	0.0	active/pos	34817	1997629
122.48101806640625	0.0	active/neg	34818	2006729
122.99139404296875	0.0	active/pos	34817	2015091
123.54705810546875	0.0	active/neg	34818	2024195
124.04229736328125	0.0	active/pos	34817	2032309
124.52264404296875	0.0	active/neg	34818	2040179
125.07794189453125	0.0	active/pos	34817	2049277
125.58868408203125	0.0	active/neg	34818	2057645
126.15869140625	0.0	active/pos	34817	2066984
126.71417236328125	0.0	active/neg	34818	2076085
127.23968505859375	0.0	active/pos	34817	2084695
127.7501220703125	0.0	active/neg	34818	2093058
128.275390625	0.0	active/pos	34817	2101664
128.770751953125	0.0	active/neg	34818	2109780
129.31182861328125	0.0	active/pos	34817	2118645
129.851806640625	0.0	active/neg	34818	2127492
130.376953125	0.0	active/pos	34817	2136096
130.8873291015625	0.0	active/neg	34818	2144458
131.41278076171875	0.0	active/pos	34817	2153067
131.953125	0.0	active/neg	34818	2161920
132.478515625	0.0	active/pos	34817	2170528
133.01898193359375	0.0	active/neg	34818	2179383
133.574462890625	0.0	active/pos	34817	2188484
134.08477783203125	0.0	active/neg	34818	2196845
134.610107421875	0.0	active/pos	34817	2205452
135.1204833984375	0.0	active/neg	34818	2213814
135.64593505859375	0.0	active/pos	34817	2222423
136.17138671875	0.0	active/neg	34818	2231032
136.71173095703125	0.0	active/pos	34817	2239885
137.2672119140625	0.0	active/neg	34818	2248986
137.79241943359375	0.0	active/pos	34817	2257591
138.3328857421875	0.0	active/neg	34818	2266446
138.82830810546875	0.0	active/pos	34817	2274563
139.33868408203125	0.0	active/neg	34818	2282925
139.864013671875	0.0	active/pos	34817	2291532
140.404541015625	0.0	active/neg	34818	2300388
140.94482421875	0.0	active/pos	34817	2309240
141.455322265625	0.0	active/neg	34818	2317604
141.98065185546875	0.0	active/pos	34817	2326211
142.47613525390625	0.0	active/neg	34818	2334329
143.0164794921875	0.0	active/pos	34817	2343182
143.52685546875	0.0	active/neg	34818	2351544
144.082275390625	0.0	active/pos	34817	2360644
144.60772705078125	0.0	active/neg	34818	2369253
145.1180419921875	0.0	active/pos	34817	2377614
145.64337158203125	0.0	active/neg	34818	2386221
146.16888427734375	0.0	active/pos	34817	2394831
146.6943359375	0.0	active/neg	34818	2403440
147.21966552734375	0.0	active/pos	34817	2412047
147.71490478515625	0.0	active/neg	34818	2420161
148.2705078125	0.0	active/pos	34817	2429264
148.78082275390625	0.0	active/neg	34818	2437625
149.3212890625	0.0	active/pos	34817	2446480
149.8167724609375	0.0	active/neg	34818	2454598
150.38690185546875	0.0	active/pos	34817	2463939
150.88250732421875	0.0	active/neg	34818	2472059
151.423095703125	0.0	active/pos	34817	2480916
151.90325927734375	0.0	active/neg	34818	2488783
152.3984375	0.0	active/pos	34817	2496896
152.95391845703125	0.0	active/neg	34818	2505997
153.47943115234375	0.0	active/pos	34817	2514607
154.00469970703125	0.0	active/neg	34818	2523213
154.5601806640625	0.0	active/pos	34817	2532314
155.0855712890625	0.0	active/neg	34818	2540922
155.59674072265625	0.0	active/pos	34817	2549297
156.0911865234375	0.0	active/neg	34818	2557398
156.6016845703125	0.0	active/pos	34817	2565762
157.15704345703125	0.0	active/neg	34818	2574861
157.66766357421875	0.0	active/pos	34817	2583227
158.17779541015625	0.0	active/neg	34818	2591585
158.70330810546875	0.0	active/pos	34817	2600195
159.2137451171875	0.0	active/neg	34818	2608558
159.76904296875	0.0	active/pos	34817	2617656
160.7747802734375	0.0	active/pos	34817	2634134
161.28515625	0.0	active/neg	34818	2642496
161.795654296875	0.0	active/pos	34817	2650860
162.27581787109375	0.0	active/neg	34818	2658727
162.81622314453125	0.0	active/pos	34817	2667581
163.37164306640625	0.0	active/neg	34818	2676681
163.912109375	0.0	active/pos	34817	2685536
164.45257568359375	0.0	active/neg	34818	2694391
164.94781494140625	0.0	active/pos	34817	2702505
165.4884033203125	0.0	active/neg	34818	2711362
165.99884033203125	0.0	active/pos	34817	2719725
166.5390625	0.0	active/neg	34818	2728576
167.06451416015625	0.0	active/pos	34817	2737185
167.56005859375	0.0	active/neg	34818	2745304
168.100341796875	0.0	active/pos	34817	2754156
168.64117431640625	0.0	active/neg	34818	2763017
169.16595458984375	0.0	active/pos	34817	2771615
169.69146728515625	0.0	active/neg	34818	2780225
170.24688720703125	0.0	active/pos	34817	2789325
170.74212646484375	0.0	active/neg	34818	2797439
171.2677001953125	0.0	active/pos	34817	2806050
171.76318359375	0.0	active/neg	34818	2814168
172.28839111328125	0.0	active/pos	34817	2822773
172.8287353515625	0.0	active/neg	34818	2831626
173.35418701171875	0.0	active/pos	34817	2840235
173.87957763671875	0.0	active/neg	34818	2848843
174.4200439453125	0.0	active/pos	34817	2857698
174.91534423828125	0.0	active/neg	34818	2865813
175.455810546875	0.0	active/pos	34817	2874668
175.98114013671875	0.0	active/neg	34818	2883275
176.53656005859375	0.0	active/pos	34817	2892375
177.0469970703125	0.0	active/neg	34818	2900738
178.06787109375	0.0	active/neg	34818	2917464
178.5931396484375	0.0	active/pos	34817	2926070
179.1033935546875	0.0	active/neg	34818	2934430
179.62896728515625	0.0	active/pos	34817	2943041
180.16925048828125	0.0	active/neg	34818	2951893
180.7098388671875	0.0	active/pos	34817	2960750
181.22021484375	0.0	active/neg	34818	2969112
181.760498046875	0.0	active/pos	34817	2977964
182.2708740234375	0.0	active/neg	34818	2986326
182.72125244140625	0.0	active/pos	34817	2993705
183.29156494140625	0.0	active/neg	34818	3003049
183.817138671875	0.0	active/pos	34817	3011660
184.357421875	0.0	active/neg	34818	3020512
184.89788818359375	0.0	active/pos	34817	3029367
185.438232421875	0.0	active/neg	34818	3038220
185.94873046875	0.0	active/pos	34817	3046584
186.9993896484375	0.0	active/pos	34817	3063798
187.50982666015625	0.0	active/neg	34818	3072161
188.03533935546875	0.0	active/pos	34817	3080771
188.54547119140625	0.0	active/neg	34818	3089129
189.08660888671875	0.0	active/pos	34817	3097995
189.6114501953125	0.0	active/neg	34818	3106594
190.12176513671875	0.0	active/pos	34817	3114955
190.64727783203125	0.0	active/neg	34818	3123565
191.172607421875	0.0	active/pos	34817	3132172
191.72802734375	0.0	active/neg	34818	3141272
192.1783447265625	0.0	active/pos	34817	3148650
192.73370361328125	0.0	active/neg	34818	3157749
193.22998046875	0.0	active/pos	34817	3165880
193.75469970703125	0.0	active/neg	34818	3174477
194.26483154296875	0.0	active/pos	34817	3182835
194.82037353515625	0.0	active/neg	34818	3191937
195.330810546875	0.0	active/pos	34817	3200300
195.85601806640625	0.0	active/neg	34818	3208905
196.366455078125	0.0	active/pos	34817	3217268
196.9219970703125	0.0	active/neg	34818	3226370
197.4173583984375	0.0	active/pos	34817	3234486
197.97271728515625	0.0	active/neg	34818	3243585
198.46795654296875	0.0	active/pos	34817	3251699
199.0235595703125	0.0	active/neg	34818	3260802
199.5037841796875	0.0	active/pos	34817	3268670
199.99932861328125	0.0	active/neg	34818	3276789
200.52459716796875	0.0	active/pos	34817	3285395
201.0198974609375	0.0	active/neg	34818	3293510
201.56036376953125	0.0	active/pos	34817	3302365
202.0709228515625	0.0	active/neg	34818	3310730
202.58123779296875	0.0	active/pos	34817	3319091
203.10650634765625	0.0	active/neg	34818	3327697
203.6619873046875	0.0	active/pos	34817	3336798
204.17236328125	0.0	active/neg	34818	3345160
204.71331787109375	0.0	active/pos	34817	3354023
205.22320556640625	0.0	active/neg	34818	3362377
205.7335205078125	0.0	active/pos	34817	3370738
206.25885009765625	0.0	active/neg	34818	3379345
206.79931640625	0.0	active/pos	34817	3388200
207.32470703125	0.0	active/neg	34818	3396808
207.8651123046875	0.0	active/pos	34817	3405662
208.4205322265625	0.0	active/neg	34818	3414762
208.930908203125	0.0	active/pos	34817	3423124
209.47125244140625	0.0	active/neg	34818	3431977
210.01171875	0.0	active/pos	34817	3440832
210.55218505859375	0.0	active/neg	34818	3449687
211.07769775390625	0.0	active/pos	34817	3458297
211.60284423828125	0.0	active/neg	34818	3466901
212.12835693359375	0.0	active/pos	34817	3475511
212.65374755859375	0.0	active/neg	34818	3484119
213.1639404296875	0.0	active/pos	34817	3492478
213.67462158203125	0.0	active/neg	34818	3500845
214.184814453125	0.0	active/pos	34817	3509204
214.72528076171875	0.0	active/neg	34818	3518059
215.235595703125	0.0	active/pos	34817	3526420
215.7611083984375	0.0	active/neg	34818	3535030
216.28631591796875	0.0	active/pos	34817	3543635
216.7967529296875	0.0	active/neg	34818	3551998
217.33721923828125	0.0	active/pos	34817	3560853
217.86260986328125	0.0	active/neg	34818	3569461
218.38812255859375	0.0	active/pos	34817	3578071
218.89849853515625	0.0	active/neg	34818	3586433
219.4537353515625	0.0	active/pos	34817	3595530
219.979248046875	0.0	active/neg	34818	3604140
220.50445556640625	0.0	active/pos	34817	3612745
220.9998779296875	0.0	active/neg	34818	3620862
221.5704345703125	0.0	active/pos	34817	3630210
222.095947265625	0.0	active/neg	34818	3638820
222.65130615234375	0.0	active/pos	34817	3647919
223.16156005859375	0.0	active/neg	34818	3656279
223.7020263671875	0.0	active/pos	34817	3665134
224.2423095703125	0.0	active/neg	34818	3673986
224.73779296875	0.0	active/pos	34817	3682104
225.23309326171875	0.0	active/neg	34818	3690219
225.7435302734375	0.0	active/pos	34817	3698582
226.2989501953125	0.0	active/neg	34818	3707682
226.80938720703125	0.0	active/pos	34817	3716045
227.3497314453125	0.0	active/neg	34818	3724898
227.80010986328125	0.0	active/pos	34817	3732277
228.370361328125	0.0	active/neg	34818	3741620
228.91107177734375	0.0	active/pos	34817	3750479
229.436279296875	0.0	active/neg	34818	3759084
229.931640625	0.0	active/pos	34817	3767200
230.45697021484375	0.0	active/neg	34818	3775807
231.01251220703125	0.0	active/pos	34817	3784909
231.53778076171875	0.0	active/neg	34818	3793515
232.09326171875	0.0	active/pos	34817	3802616
232.588623046875	0.0	active/neg	34818	3810732
233.1290283203125	0.0	active/pos	34817	3819586
233.6844482421875	0.0	active/neg	34818	3828686
234.19476318359375	0.0	active/pos	34817	3837047
234.76519775390625	0.0	active/neg	34818	3846393
235.21563720703125	0.0	active/pos	34817	3853773
235.80120849609375	0.0	active/neg	34818	3863367
236.23638916015625	0.0	active/pos	34817	3870497
236.7169189453125	0.0	active/neg	34818	3878370
237.3470458984375	0.0	active/pos	34817	3888694
237.90264892578125	0.0	active/neg	34818	3897797
238.41290283203125	0.0	active/pos	34817	3906157
238.95343017578125	0.0	active/neg	34818	3915013
239.49395751953125	0.0	active/pos	34817	3923869
240.00421142578125	0.0	active/neg	34818	3932229
240.48455810546875	0.0	active/pos	34817	3940099
241.0399169921875	0.0	active/neg	34818	3949198
241.56549072265625	0.0	active/pos	34817	3957809
242.07568359375	0.0	active/neg	34818	3966168
242.646240234375	0.0	active/pos	34817	3975516
243.1715087890625	0.0	active/neg	34818	3984122
243.697021484375	0.0	active/pos	34817	3992732
244.20733642578125	0.0	active/neg	34818	4001093
244.76300048828125	0.0	active/pos	34817	4010197
245.288330078125	0.0	active/neg	34818	4018804
245.81365966796875	0.0	active/pos	34817	4027411
246.35400390625	0.0	active/neg	34818	4036264
246.8795166015625	0.0	active/pos	34817	4044874
247.3897705078125	0.0	active/neg	34818	4053234
247.900146484375	0.0	active/pos	34817	4061596
248.38043212890625	0.0	active/neg	34818	4069465
248.9058837890625	0.0	active/pos	34817	4078074
249.416259765625	0.0	active/neg	34818	4086436
249.97186279296875	0.0	active/pos	34817	4095539
250.467041015625	0.0	active/neg	34818	4103652
251.00738525390625	0.0	active/pos	34817	4112505
251.50286865234375	0.0	active/neg	34818	4120623
251.95318603515625	0.0	active/pos	34817	4128001
252.46368408203125	0.0	active/neg	34818	4136365
253.07904052734375	0.0	active/pos	34817	4146447
253.63446044921875	0.0	active/neg	34818	4155547
254.144775390625	0.0	active/pos	34817	4163908
254.70062255859375	0.0	active/neg	34818	4173015
255.21063232421875	0.0	active/pos	34817	4181371
255.7362060546875	0.0	active/neg	34818	4189982
256.24639892578125	0.0	active/pos	34817	4198341
257.28216552734375	0.0	active/pos	34817	4215311
258.3330078125	0.0	active/pos	34817	4232528
258.84326171875	0.0	active/neg	34818	4240888
259.38385009765625	0.0	active/pos	34817	4249745
259.90911865234375	0.0	active/neg	34818	4258351
260.43463134765625	0.0	active/pos	34817	4266961
260.9449462890625	0.0	active/neg	34818	4275322
261.4251708984375	0.0	active/pos	34817	4283190
261.96563720703125	0.0	active/neg	34818	4292045
262.52117919921875	0.0	active/pos	34817	4301147
263.00164794921875	0.0	active/neg	34818	4309019
263.54193115234375	0.0	active/pos	34817	4317871
264.0372314453125	0.0	active/neg	34818	4325986
264.5628662109375	0.0	active/pos	34817	4334598
265.088134765625	0.0	active/neg	34818	4343204
265.568359375	0.0	active/pos	34817	4351072
266.063720703125	0.0	active/neg	34818	4359188
266.604248046875	0.0	active/pos	34817	4368044
267.114501953125	0.0	active/neg	34818	4376404
267.65509033203125	0.0	active/pos	34817	4385261
268.18035888671875	0.0	active/neg	34818	4393867
268.7056884765625	0.0	active/pos	34817	4402474
269.23126220703125	0.0	active/neg	34818	4411085
269.75653076171875	0.0	active/pos	34817	4419691
270.25189208984375	0.0	active/neg	34818	4427807
270.7772216796875	0.0	active/pos	34817	4436414
271.33282470703125	0.0	active/neg	34818	4445517
271.9031982421875	0.0	active/pos	34817	4454862
272.4134521484375	0.0	active/neg	34818	4463222
272.92388916015625	0.0	active/pos	34817	4471585
273.43438720703125	0.0	active/neg	34818	4479949
273.9896240234375	0.0	active/pos	34817	4489046
274.53009033203125	0.0	active/neg	34818	4497901
275.07049560546875	0.0	active/pos	34817	4506755
275.58099365234375	0.0	active/neg	34818	4515119
276.1063232421875	0.0	active/pos	34817	4523726
276.6317138671875	0.0	active/neg	34818	4532334
277.14208984375	0.0	active/pos	34817	4540696
277.69757080078125	0.0	active/neg	34818	4549797
278.22296142578125	0.0	active/pos	34817	4558405
278.7784423828125	0.0	active/neg	34818	4567506
279.30364990234375	0.0	active/pos	34817	4576111
279.85931396484375	0.0	active/neg	34818	4585215
280.41461181640625	0.0	active/pos	34817	4594313
280.92498779296875	0.0	active/neg	34818	4602675
281.46539306640625	0.0	active/pos	34817	4611529
281.9306640625	0.0	active/neg	34818	4619152
282.48614501953125	0.0	active/pos	34817	4628253
283.0263671875	0.0	active/neg	34818	4637104
283.56695556640625	0.0	active/pos	34817	4645961
284.07733154296875	0.0	active/neg	34818	4654323
284.61773681640625	0.0	active/pos	34817	4663177
285.12811279296875	0.0	active/neg	34818	4671539
285.6685791015625	0.0	active/pos	34817	4680394
286.1788330078125	0.0	active/neg	34818	4688754
286.7042236328125	0.0	active/pos	34817	4697362
287.19970703125	0.0	active/neg	34818	4705480
287.7550048828125	0.0	active/pos	34817	4714578
288.25048828125	0.0	active/neg	34818	4722696
288.76080322265625	0.0	active/pos	34817	4731057
289.3311767578125	0.0	active/neg	34818	4740402
289.85662841796875	0.0	active/pos	34817	4749011
290.35205078125	0.0	active/neg	34818	4757128
290.89251708984375	0.0	active/pos	34817	4765983
291.43280029296875	0.0	active/neg	34818	4774835
291.98828125	0.0	active/pos	34817	4783936
292.483642578125	0.0	active/neg	34818	4792052
293.009033203125	0.0	active/pos	34817	4800660
293.549560546875	0.0	active/neg	34818	4809516
294.0596923828125	0.0	active/pos	34817	4817874
294.60015869140625	0.0	active/neg	34818	4826729
295.0960693359375	0.0	active/pos	34817	4834854
295.635986328125	0.0	active/neg	34818	4843700
296.14642333984375	0.0	active/pos	34817	4852063
296.686767578125	0.0	active/neg	34818	4860916
297.2421875	0.0	active/pos	34817	4870016
297.73736572265625	0.0	active/neg	34818	4878129
298.307861328125	0.0	active/pos	34817	4887476
298.81842041015625	0.0	active/neg	34818	4895841
299.3287353515625	0.0	active/pos	34817	4904202
299.869140625	0.0	active/neg	34818	4913056
300.3795166015625	0.0	active/pos	34817	4921418
300.92034912109375	0.0	active/neg	34818	4930279
301.46026611328125	0.0	active/pos	34817	4939125
301.98565673828125	0.0	active/neg	34818	4947733
302.54107666015625	0.0	active/pos	34817	4956833
303.06646728515625	0.0	active/neg	34818	4965441
304.057373046875	0.0	active/neg	34818	4981676
304.59783935546875	0.0	active/pos	34817	4990531
305.01788330078125	0.0	active/neg	34818	4997413
305.5733642578125	0.0	active/pos	34817	5006514
306.0987548828125	0.0	active/neg	34818	5015122
306.6844482421875	0.0	active/pos	34817	5024718
307.16455078125	0.0	active/neg	34818	5032584
307.69012451171875	0.0	active/pos	34817	5041195
308.21539306640625	0.0	active/neg	34818	5049801
308.78582763671875	0.0	active/pos	34817	5059147
309.311279296875	0.0	active/neg	34818	5067756
309.85186767578125	0.0	active/pos	34817	5076613
310.39190673828125	0.0	active/neg	34818	5085461
310.91754150390625	0.0	active/pos	34817	5094073
311.4278564453125	0.0	active/neg	34818	5102434
311.96820068359375	0.0	active/pos	34817	5111287
312.50860595703125	0.0	active/neg	34818	5120141
313.06396484375	0.0	active/pos	34817	5129240
313.58941650390625	0.0	active/neg	34818	5137849
314.099853515625	0.0	active/pos	34817	5146212
314.64019775390625	0.0	active/neg	34818	5155065
315.1805419921875	0.0	active/pos	34817	5163918
315.72113037109375	0.0	active/neg	34818	5172775
316.20147705078125	0.0	active/pos	34817	5180645
316.7567138671875	0.0	active/neg	34818	5189742
317.2823486328125	0.0	active/pos	34817	5198354
317.8226318359375	0.0	active/neg	34818	5207206
318.28790283203125	0.0	active/pos	34817	5214829
318.828369140625	0.0	active/neg	34818	5223684
319.36883544921875	0.0	active/pos	34817	5232539
319.89434814453125	0.0	active/neg	34818	5241149
320.43463134765625	0.0	active/pos	34817	5250001
320.96002197265625	0.0	active/neg	34818	5258609
321.47027587890625	0.0	active/pos	34817	5266969
321.9959716796875	0.0	active/neg	34818	5275582
322.5361328125	0.0	active/pos	34817	5284432
323.04644775390625	0.0	active/neg	34818	5292793
323.60198974609375	0.0	active/pos	34817	5301895
324.14227294921875	0.0	active/neg	34818	5310747
324.652587890625	0.0	active/pos	34817	5319108
325.19317626953125	0.0	active/neg	34818	5327965
325.7183837890625	0.0	active/pos	34817	5336570
326.2139892578125	0.0	active/neg	34818	5344690
326.7843017578125	0.0	active/pos	34817	5354034
327.30975341796875	0.0	active/neg	34818	5362643
327.82000732421875	0.0	active/pos	34817	5371003
328.36053466796875	0.0	active/neg	34818	5379859
328.870849609375	0.0	active/pos	34817	5388220
329.39630126953125	0.0	active/neg	34818	5396829
329.92156982421875	0.0	active/pos	34817	5405435
330.47705078125	0.0	active/neg	34818	5414536
330.9573974609375	0.0	active/pos	34817	5422406
331.4376220703125	0.0	active/neg	34818	5430274
331.99322509765625	0.0	active/pos	34817	5439377
332.503662109375	0.0	active/neg	34818	5447740
333.05908203125	0.0	active/pos	34817	5456840
333.58453369140625	0.0	active/neg	34818	5465449
334.16986083984375	0.0	active/pos	34817	5475039
334.6802978515625	0.0	active/neg	34818	5483402
335.1605224609375	0.0	active/pos	34817	5491270
336.2413330078125	0.0	active/pos	34817	5508978
336.79681396484375	0.0	active/neg	34818	5518079
337.3372802734375	0.0	active/pos	34817	5526934
337.8475341796875	0.0	active/neg	34818	5535294
338.31298828125	0.0	active/pos	34817	5542920
338.85345458984375	0.0	active/neg	34818	5551775
339.393798828125	0.0	active/pos	34817	5560628
339.919189453125	0.0	active/neg	34818	5569236
340.44451904296875	0.0	active/pos	34817	5577843
340.96990966796875	0.0	active/neg	34818	5586451
341.4952392578125	0.0	active/pos	34817	5595058
342.02069091796875	0.0	active/neg	34818	5603667
342.5611572265625	0.0	active/pos	34817	5612522
343.11663818359375	0.0	active/neg	34818	5621623
343.62701416015625	0.0	active/pos	34817	5629985
344.16741943359375	0.0	active/neg	34818	5638839
344.69281005859375	0.0	active/pos	34817	5647447
345.1580810546875	0.0	active/neg	34818	5655070
345.6837158203125	0.0	active/pos	34817	5663682
346.239013671875	0.0	active/neg	34818	5672780
347.30474853515625	0.0	active/neg	34818	5690241
347.830078125	0.0	active/pos	34817	5698848
348.32550048828125	0.0	active/neg	34818	5706965
348.85089111328125	0.0	active/pos	34817	5715573
349.37628173828125	0.0	active/neg	34818	5724181
349.91656494140625	0.0	active/pos	34817	5733033
350.45697021484375	0.0	active/neg	34818	5741887
350.9674072265625	0.0	active/pos	34817	5750250
351.47772216796875	0.0	active/neg	34818	5758611
352.0482177734375	0.0	active/pos	34817	5767958
352.603759765625	0.0	active/neg	34818	5777060
353.17413330078125	0.0	active/pos	34817	5786405
353.6544189453125	0.0	active/neg	34818	5794274
354.16497802734375	0.0	active/pos	34817	5802639
354.73529052734375	0.0	active/neg	34818	5811983
355.24591064453125	0.0	active/pos	34817	5820349
355.77099609375	0.0	active/neg	34818	5828952
356.3114013671875	0.0	active/pos	34817	5837806
356.8218994140625	0.0	active/neg	34818	5846170
357.347412109375	0.0	active/pos	34817	5854780
357.917724609375	0.0	active/neg	34818	5864124
358.42791748046875	0.0	active/pos	34817	5872483
358.9384765625	0.0	active/neg	34818	5880848
359.5238037109375	0.0	active/pos	34817	5890438
360.04931640625	0.0	active/neg	34818	5899048
360.5596923828125	0.0	active/pos	34817	5907410
361.08489990234375	0.0	active/neg	34818	5916015
361.6405029296875	0.0	active/pos	34817	5925118
362.64630126953125	0.0	active/pos	34817	5941597
363.1866455078125	0.0	active/neg	34818	5950450
363.72705078125	0.0	active/pos	34817	5959304
364.26739501953125	0.0	active/neg	34818	5968157
364.79290771484375	0.0	active/pos	34817	5976767
365.288330078125	0.0	active/neg	34818	5984884
365.85870361328125	0.0	active/pos	34817	5994229
366.368896484375	0.0	active/neg	34818	6002588
366.87945556640625	0.0	active/pos	34817	6010953
367.3897705078125	0.0	active/neg	34818	6019314
367.93017578125	0.0	active/pos	34817	6028168
368.4705810546875	0.0	active/neg	34818	6037022
369.01092529296875	0.0	active/pos	34817	6045875
369.47650146484375	0.0	active/neg	34818	6053503
370.001708984375	0.0	active/pos	34817	6062108
370.51239013671875	0.0	active/neg	34818	6070475
370.9925537109375	0.0	active/pos	34817	6078342
371.48785400390625	0.0	active/neg	34818	6086457
371.99835205078125	0.0	active/pos	34817	6094821
372.508544921875	0.0	active/neg	34818	6103180
373.0941162109375	0.0	active/pos	34817	6112774
373.6043701171875	0.0	active/neg	34818	6121134
374.1597900390625	0.0	active/pos	34817	6130234
374.67022705078125	0.0	active/neg	34818	6138597
375.19561767578125	0.0	active/pos	34817	6147205
375.72113037109375	0.0	active/neg	34818	6155815
376.26141357421875	0.0	active/pos	34817	6164667
376.7867431640625	0.0	active/neg	34818	6173274
377.28228759765625	0.0	active/pos	34817	6181393
377.79254150390625	0.0	active/neg	34818	6189753
378.30291748046875	0.0	active/pos	34817	6198115
378.79840087890625	0.0	active/neg	34818	6206233
379.3687744140625	0.0	active/pos	34817	6215578
379.789306640625	0.0	active/neg	34818	6222468
380.3896484375	0.0	active/pos	34817	6232304
380.945068359375	0.0	active/neg	34818	6241404
381.4404296875	0.0	active/pos	34817	6249520
381.980712890625	0.0	active/neg	34818	6258372
382.52117919921875	0.0	active/pos	34817	6267227
383.00146484375	0.0	active/neg	34818	6275096
383.49676513671875	0.0	active/pos	34817	6283211
384.08233642578125	0.0	active/neg	34818	6292805
384.6226806640625	0.0	active/pos	34817	6301658
385.1781005859375	0.0	active/neg	34818	6310758
385.73345947265625	0.0	active/pos	34817	6319857
386.27398681640625	0.0	active/neg	34818	6328713
387.3697509765625	0.0	active/neg	34818	6346666
387.88018798828125	0.0	active/pos	34817	6355029
388.405517578125	0.0	active/neg	34818	6363636
388.9759521484375	0.0	active/pos	34817	6372982
390.041748046875	0.0	active/pos	34817	6390444
390.56732177734375	0.0	active/neg	34818	6399055
391.1080322265625	0.0	active/pos	34817	6407914
391.6629638671875	0.0	active/neg	34818	6417006
392.23345947265625	0.0	active/pos	34817	6426353
392.75885009765625	0.0	active/neg	34818	6434961
393.254150390625	0.0	active/pos	34817	6443076
393.82464599609375	0.0	active/neg	34818	6452423
394.39501953125	0.0	active/pos	34817	6461768
394.92034912109375	0.0	active/neg	34818	6470375
395.43072509765625	0.0	active/pos	34817	6478737
395.9561767578125	0.0	active/neg	34818	6487346
396.51165771484375	0.0	active/pos	34817	6496447
397.0521240234375	0.0	active/neg	34818	6505302
397.607421875	0.0	active/pos	34817	6514400
398.14776611328125	0.0	active/neg	34818	6523253
398.67340087890625	0.0	active/pos	34817	6531865
399.16851806640625	0.0	active/neg	34818	6539977
399.69415283203125	0.0	active/pos	34817	6548589
400.2044677734375	0.0	active/neg	34818	6556950
400.744873046875	0.0	active/pos	34817	6565804
401.2552490234375	0.0	active/neg	34818	6574166
401.7506103515625	0.0	active/pos	34817	6582282
402.321044921875	0.0	active/neg	34818	6591628
402.87646484375	0.0	active/pos	34817	6600728
403.371826171875	0.0	active/neg	34818	6608844
403.9271240234375	0.0	active/pos	34817	6617942
404.4375	0.0	active/neg	34818	6626304
405.0382080078125	0.0	active/pos	34817	6636146
405.60845947265625	0.0	active/neg	34818	6645489
406.1038818359375	0.0	active/pos	34817	6653606
407.1246337890625	0.0	active/pos	34817	6670330
407.64996337890625	0.0	active/neg	34818	6678937
408.19036865234375	0.0	active/pos	34817	6687791
408.7156982421875	0.0	active/neg	34818	6696398
409.22625732421875	0.0	active/pos	34817	6704763
409.81158447265625	0.0	active/neg	34818	6714353
410.32208251953125	0.0	active/pos	34817	6722717
410.8323974609375	0.0	active/neg	34818	6731078
411.35772705078125	0.0	active/pos	34817	6739685
411.88311767578125	0.0	active/neg	34818	6748293
412.40863037109375	0.0	active/pos	34817	6756903
412.94903564453125	0.0	active/neg	34818	6765757
413.45941162109375	0.0	active/pos	34817	6774119
413.9996337890625	0.0	active/neg	34818	6782970
414.51019287109375	0.0	active/pos	34817	6791335
415.0355224609375	0.0	active/neg	34818	6799942
415.57598876953125	0.0	active/pos	34817	6808797
416.11639404296875	0.0	active/neg	34818	6817651
416.65667724609375	0.0	active/pos	34817	6826503
417.152099609375	0.0	active/neg	34818	6834620
417.73748779296875	0.0	active/pos	34817	6844211
418.24798583984375	0.0	active/neg	34818	6852575
418.6982421875	0.0	active/pos	34817	6859952
419.28369140625	0.0	active/neg	34818	6869544
419.80914306640625	0.0	active/pos	34817	6878153
420.319580078125	0.0	active/neg	34818	6886516
420.8448486328125	0.0	active/pos	34817	6895122
421.3253173828125	0.0	active/neg	34818	6902994
421.895751953125	0.0	active/pos	34817	6912340
422.4361572265625	0.0	active/neg	34818	6921194
422.93133544921875	0.0	active/pos	34817	6929307
423.4119873046875	0.0	active/neg	34818	6937182
423.9371337890625	0.0	active/pos	34817	6945786
424.4776611328125	0.0	active/neg	34818	6954642
425.0631103515625	0.0	active/pos	34817	6964234
426.08380126953125	0.0	active/pos	34817	6980957
426.63916015625	0.0	active/neg	34818	6990056
427.16455078125	0.0	active/pos	34817	6998664
427.70501708984375	0.0	active/neg	34818	7007519
428.2154541015625	0.0	active/pos	34817	7015882
428.74072265625	0.0	active/neg	34818	7024488
429.31170654296875	0.0	active/pos	34817	7033843
429.836669921875	0.0	active/neg	34818	7042444
430.30194091796875	0.0	active/pos	34817	7050067
430.82733154296875	0.0	active/neg	34818	7058675
431.397705078125	0.0	active/pos	34817	7068020
431.93841552734375	0.0	active/neg	34818	7076879
432.44854736328125	0.0	active/pos	34817	7085237
433.01898193359375	0.0	active/neg	34818	7094583
433.589599609375	0.0	active/pos	34817	7103932
434.1297607421875	0.0	active/neg	34818	7112782
434.65521240234375	0.0	active/pos	34817	7121391
435.18072509765625	0.0	active/neg	34818	7130001
435.7060546875	0.0	active/pos	34817	7138608
436.20147705078125	0.0	active/neg	34818	7146725
436.74176025390625	0.0	active/pos	34817	7155577
437.252197265625	0.0	active/neg	34818	7163940
437.7777099609375	0.0	active/pos	34817	7172550
438.27288818359375	0.0	active/neg	34818	7180663
438.79833984375	0.0	active/pos	34817	7189272
439.33880615234375	0.0	active/neg	34818	7198127
439.8641357421875	0.0	active/pos	34817	7206734
440.35943603515625	0.0	active/neg	34818	7214849
440.91485595703125	0.0	active/pos	34817	7223949
441.47027587890625	0.0	active/neg	34818	7233049
441.99578857421875	0.0	active/pos	34817	7241659
442.5511474609375	0.0	active/neg	34818	7250758
443.0615234375	0.0	active/pos	34817	7259120
443.572021484375	0.0	active/neg	34818	7267484
444.0972900390625	0.0	active/pos	34817	7276090
444.60772705078125	0.0	active/neg	34818	7284453
445.1331787109375	0.0	active/pos	34817	7293062
445.6885986328125	0.0	active/neg	34818	7302162
446.2738037109375	0.0	active/pos	34817	7311750
446.75439453125	0.0	active/neg	34818	7319624
447.27972412109375	0.0	active/pos	34817	7328231
447.83514404296875	0.0	active/neg	34818	7337331
448.345458984375	0.0	active/pos	34817	7345692
448.8858642578125	0.0	active/neg	34818	7354546
449.3663330078125	0.0	active/pos	34817	7362418
449.83148193359375	0.0	active/neg	34818	7370039
450.38702392578125	0.0	active/pos	34817	7379141
450.927490234375	0.0	active/neg	34818	7387996
451.45294189453125	0.0	active/pos	34817	7396605
451.947998046875	0.0	active/neg	34818	7404716
452.45855712890625	0.0	active/pos	34817	7413081
452.92401123046875	0.0	active/neg	34818	7420707
453.4794921875	0.0	active/pos	34817	7429808
453.98968505859375	0.0	active/neg	34818	7438167
454.5301513671875	0.0	active/pos	34817	7447022
455.0704345703125	0.0	active/neg	34818	7455874
455.59600830078125	0.0	active/pos	34817	7464485
456.07635498046875	0.0	active/neg	34818	7472355
456.66192626953125	0.0	active/pos	34817	7481949
457.232421875	0.0	active/neg	34818	7491296
457.712890625	0.0	active/pos	34817	7499168
458.31304931640625	0.0	active/neg	34818	7509001
458.8533935546875	0.0	active/pos	34817	7517854
459.40869140625	0.0	active/neg	34818	7526952
459.9041748046875	0.0	active/pos	34817	7535070
460.4295654296875	0.0	active/neg	34818	7543678
460.9549560546875	0.0	active/pos	34817	7552286
462.0357666015625	0.0	active/pos	34817	7569994
462.59124755859375	0.0	active/neg	34818	7579095
463.1165771484375	0.0	active/pos	34817	7587702
463.68695068359375	0.0	active/neg	34818	7597047
464.21240234375	0.0	active/pos	34817	7605656
464.7227783203125	0.0	active/neg	34818	7614018
465.21820068359375	0.0	active/pos	34817	7622135
465.7735595703125	0.0	active/neg	34818	7631234
466.283935546875	0.0	active/pos	34817	7639596
466.8695068359375	0.0	active/neg	34818	7649190
467.4698486328125	0.0	active/pos	34817	7659026
468.04022216796875	0.0	active/neg	34818	7668371
468.52105712890625	0.0	active/pos	34817	7676249
469.06121826171875	0.0	active/neg	34818	7685099
469.52630615234375	0.0	active/pos	34817	7692719
470.06671142578125	0.0	active/neg	34818	7701573
470.607177734375	0.0	active/pos	34817	7710428
471.1475830078125	0.0	active/neg	34818	7719282
471.703125	0.0	active/pos	34817	7728384
472.1683349609375	0.0	active/neg	34818	7736006
472.66387939453125	0.0	active/pos	34817	7744125
473.21917724609375	0.0	active/neg	34818	7753223
474.29998779296875	0.0	active/neg	34818	7770931
474.84039306640625	0.0	active/pos	34817	7779785
475.290771484375	0.0	active/neg	34818	7787164
475.831298828125	0.0	active/pos	34817	7796020
476.3717041015625	0.0	active/neg	34818	7804874
476.95709228515625	0.0	active/pos	34817	7814465
477.45245361328125	0.0	active/neg	34818	7822581
478.00775146484375	0.0	active/pos	34817	7831679
478.56317138671875	0.0	active/neg	34818	7840779
479.10369873046875	0.0	active/pos	34817	7849635
479.5989990234375	0.0	active/neg	34818	7857750
480.1241455078125	0.0	active/pos	34817	7866354
480.6798095703125	0.0	active/neg	34818	7875458
481.19036865234375	0.0	active/pos	34817	7883823
481.65545654296875	0.0	active/neg	34818	7891443
482.1959228515625	0.0	active/pos	34817	7900298
482.72125244140625	0.0	active/neg	34818	7908905
483.26165771484375	0.0	active/pos	34817	7917759
483.8023681640625	0.0	active/neg	34818	7926618
484.3275146484375	0.0	active/pos	34817	7935222
484.86785888671875	0.0	active/neg	34818	7944075
485.4083251953125	0.0	active/pos	34817	7952930
485.94891357421875	0.0	active/neg	34818	7961787
486.4892578125	0.0	active/pos	34817	7970640
486.98443603515625	0.0	active/neg	34818	7978753
487.5399169921875	0.0	active/pos	34817	7987854
488.03521728515625	0.0	active/neg	34818	7995969
488.54571533203125	0.0	active/pos	34817	8004333
489.08624267578125	0.0	active/neg	34818	8013189
489.6414794921875	0.0	active/pos	34817	8022286
490.21209716796875	0.0	active/neg	34818	8031635
490.707275390625	0.0	active/pos	34817	8039748
491.2777099609375	0.0	active/neg	34818	8049094
491.7879638671875	0.0	active/pos	34817	8057454
492.31353759765625	0.0	active/neg	34818	8066065
492.7938232421875	0.0	active/pos	34817	8073934
493.3193359375	0.0	active/neg	34818	8082544
493.84527587890625	0.0	active/pos	34817	8091161
494.340087890625	0.0	active/neg	34818	8099268
494.8653564453125	0.0	active/pos	34817	8107874
495.3759765625	0.0	active/neg	34818	8116240
495.88629150390625	0.0	active/pos	34817	8124601
496.41168212890625	0.0	active/neg	34818	8133209
496.9368896484375	0.0	active/pos	34817	8141814
497.41754150390625	0.0	active/neg	34818	8149689
497.94268798828125	0.0	active/pos	34817	8158293
498.4681396484375	0.0	active/neg	34818	8166902
499.02349853515625	0.0	active/pos	34817	8176001
499.50390625	0.0	active/neg	34818	8183872
500.01422119140625	0.0	active/pos	34817	8192233
500.5697021484375	0.0	active/neg	34818	8201334
501.0950927734375	0.0	active/pos	34817	8209942
501.65057373046875	0.0	active/neg	34818	8219043
502.1458740234375	0.0	active/pos	34817	8227158
502.6263427734375	0.0	active/neg	34818	8235030
503.19677734375	0.0	active/pos	34817	8244376
503.69195556640625	0.0	active/neg	34818	8252489
504.17236328125	0.0	active/pos	34817	8260360
504.72784423828125	0.0	active/neg	34818	8269461
505.2833251953125	0.0	active/pos	34817	8278562
505.79364013671875	0.0	active/neg	34818	8286923
506.34893798828125	0.0	active/pos	34817	8296021
506.84454345703125	0.0	active/neg	34818	8304141
507.38482666015625	0.0	active/pos	34817	8312993
507.91021728515625	0.0	active/neg	34818	8321601
508.45062255859375	0.0	active/pos	34817	8330455
508.96087646484375	0.0	active/neg	34818	8338815
509.5167236328125	0.0	active/pos	34817	8347922
510.07183837890625	0.0	active/neg	34818	8357017
510.58221435546875	0.0	active/pos	34817	8365379
511.1376953125	0.0	active/neg	34818	8374480
511.7081298828125	0.0	active/pos	34817	8383826
512.2635498046875	0.0	active/neg	34818	8392926
512.7887573242188	0.0	active/pos	34817	8401531
513.3143310546875	0.0	active/neg	34818	8410142
513.8546752929688	0.0	active/pos	34817	8418995
514.3648681640625	0.0	active/neg	34818	8427354
514.8904418945312	0.0	active/pos	34817	8435965
515.370849609375	0.0	active/neg	34818	8443836
515.9412231445312	0.0	active/pos	34817	8453181
516.51171875	0.0	active/neg	34818	8462528
517.0369873046875	0.0	active/pos	34817	8471134
517.5474243164062	0.0	active/neg	34818	8479497
518.0128784179688	0.0	active/pos	34817	8487123
518.523193359375	0.0	active/neg	34818	8495484
519.0936889648438	0.0	active/pos	34817	8504831
519.5889282226562	0.0	active/neg	34818	8512945
520.1744384765625	0.0	active/pos	34817	8522538
520.669677734375	0.0	active/neg	34818	8530652
521.1802978515625	0.0	active/pos	34817	8539018
521.7506103515625	0.0	active/neg	34818	8548362
522.2909545898438	0.0	active/pos	34817	8557215
522.8463745117188	0.0	active/neg	34818	8566315
523.417236328125	0.0	active/pos	34817	8575668
523.88232421875	0.0	active/neg	34818	8583288
524.3926391601562	0.0	active/pos	34817	8591649
524.9329223632812	0.0	active/neg	34818	8600501
525.4584350585938	0.0	active/pos	34817	8609111
525.9837646484375	0.0	active/neg	34818	8617718
526.524169921875	0.0	active/pos	34817	8626572
527.07958984375	0.0	active/neg	34818	8635672
527.5899047851562	0.0	active/pos	34817	8644033
528.1602783203125	0.0	active/neg	34818	8653378
528.6558837890625	0.0	active/pos	34817	8661498
529.18115234375	0.0	active/neg	34818	8670104
529.676513671875	0.0	active/pos	34817	8678220
530.1719360351562	0.0	active/neg	34818	8686337
530.6972045898438	0.0	active/pos	34817	8694943
531.192626953125	0.0	active/neg	34818	8703060
531.7633056640625	0.0	active/pos	34817	8712410
532.273681640625	0.0	active/neg	34818	8720772
532.7537231445312	0.0	active/pos	34817	8728637
533.3843994140625	0.0	active/neg	34818	8738970
533.9697265625	0.0	active/pos	34817	8748560
534.5701904296875	0.0	active/neg	34818	8758398
535.0956420898438	0.0	active/pos	34817	8767007
535.635986328125	0.0	active/neg	34818	8775860
536.1013793945312	0.0	active/pos	34817	8783485
536.6868286132812	0.0	active/neg	34818	8793077
537.2271728515625	0.0	active/pos	34817	8801930
537.737548828125	0.0	active/neg	34818	8810292
538.2783203125	0.0	active/pos	34817	8819152
538.8034057617188	0.0	active/neg	34818	8827755
539.4193115234375	0.0	active/pos	34817	8837846
539.92919921875	0.0	active/neg	34818	8846200
540.4246826171875	0.0	active/pos	34817	8854318
540.9351196289062	0.0	active/neg	34818	8862681
541.4454956054688	0.0	active/pos	34817	8871043
541.98583984375	0.0	active/neg	34818	8879896
542.4661865234375	0.0	active/pos	34817	8887766
542.9765625	0.0	active/neg	34818	8896128
543.5169067382812	0.0	active/pos	34817	8904981
544.0575561523438	0.0	active/neg	34818	8913839
544.5676879882812	0.0	active/pos	34817	8922197
545.078125	0.0	active/neg	34818	8930560
545.6485595703125	0.0	active/pos	34817	8939906
546.173828125	0.0	active/neg	34818	8948512
546.7293090820312	0.0	active/pos	34817	8957613
547.2548217773438	0.0	active/neg	34818	8966223
547.795166015625	0.0	active/pos	34817	8975076
548.2605590820312	0.0	active/neg	34818	8982701
548.7560424804688	0.0	active/pos	34817	8990819
549.2362060546875	0.0	active/neg	34818	8998686
549.7616577148438	0.0	active/pos	34817	9007295
550.2568969726562	0.0	active/neg	34818	9015409
550.7523193359375	0.0	active/pos	34817	9023526
551.2628173828125	0.0	active/neg	34818	9031890
551.7882690429688	0.0	active/pos	34817	9040499
552.3134765625	0.0	active/neg	34818	9049104
552.7938232421875	0.0	active/pos	34817	9056974
553.2894287109375	0.0	active/neg	34818	9065094
553.7847290039062	0.0	active/pos	34817	9073209
554.3099975585938	0.0	active/neg	34818	9081815
554.775390625	0.0	active/pos	34817	9089440
555.30078125	0.0	active/neg	34818	9098048
555.8411865234375	0.0	active/pos	34817	9106902
556.321533203125	0.0	active/neg	34818	9114772
556.8018798828125	0.0	active/pos	34817	9122642
557.3272705078125	0.0	active/neg	34818	9131250
557.86767578125	0.0	active/pos	34817	9140104
558.3482055664062	0.0	active/neg	34818	9147977
558.8132934570312	0.0	active/pos	34817	9155597
559.39892578125	0.0	active/neg	34818	9165192
559.9241943359375	0.0	active/pos	34817	9173798
560.5097045898438	0.0	active/neg	34818	9183391
561.03515625	0.0	active/pos	34817	9192000
561.5154418945312	0.0	active/neg	34818	9199869
562.040771484375	0.0	active/pos	34817	9208476
562.55126953125	0.0	active/neg	34818	9216840
563.0916748046875	0.0	active/pos	34817	9225694
563.6470336914062	0.0	active/neg	34818	9234793
564.1573486328125	0.0	active/pos	34817	9243154
564.6227416992188	0.0	active/neg	34818	9250779
565.1182250976562	0.0	active/pos	34817	9258897
565.6585083007812	0.0	active/neg	34818	9267749
566.183837890625	0.0	active/pos	34817	9276356
566.679443359375	0.0	active/neg	34818	9284476
567.2198486328125	0.0	active/pos	34817	9293330
567.7301025390625	0.0	active/neg	34818	9301690
568.2254638671875	0.0	active/pos	34817	9309806
568.6910400390625	0.0	active/neg	34818	9317434
569.2161865234375	0.0	active/pos	34817	9326038
569.7415771484375	0.0	active/neg	34818	9334646
570.2670288085938	0.0	active/pos	34817	9343255
570.77734375	0.0	active/neg	34818	9351616
571.2877197265625	0.0	active/pos	34817	9359978
571.8131103515625	0.0	active/neg	34818	9368586
572.3385620117188	0.0	active/pos	34817	9377195
572.8038940429688	0.0	active/neg	34818	9384819
573.419189453125	0.0	active/pos	34817	9394900
573.9296875	0.0	active/neg	34818	9403264
574.99560546875	0.0	active/neg	34818	9420728
575.4909057617188	0.0	active/pos	34817	9428843
576.0014038085938	0.0	active/neg	34818	9437207
576.5118408203125	0.0	active/pos	34817	9445570
577.0370483398438	0.0	active/neg	34818	9454175
577.517333984375	0.0	active/pos	34817	9462044
578.523193359375	0.0	active/pos	34817	9478524
579.0184936523438	0.0	active/neg	34818	9486639
579.5440063476562	0.0	active/pos	34817	9495249
580.0542602539062	0.0	active/neg	34818	9503609
580.5797729492188	0.0	active/pos	34817	9512219
581.0902099609375	0.0	active/neg	34818	9520582
581.6155395507812	0.0	active/pos	34817	9529189
582.1259155273438	0.0	active/neg	34818	9537551
582.6513671875	0.0	active/pos	34817	9546160
583.1465454101562	0.0	active/neg	34818	9554273
583.6572265625	0.0	active/pos	34817	9562640
584.1524047851562	0.0	active/neg	34818	9570753
584.6477661132812	0.0	active/pos	34817	9578869
585.2181396484375	0.0	active/neg	34818	9588214
585.7435302734375	0.0	active/pos	34817	9596822
586.2239990234375	0.0	active/neg	34818	9604694
586.8092041015625	0.0	active/pos	34817	9614282
587.3798217773438	0.0	active/neg	34818	9623631
587.9052734375	0.0	active/pos	34817	9632240
588.445556640625	0.0	active/neg	34818	9641092
588.9410400390625	0.0	active/pos	34817	9649210
589.4364624023438	0.0	active/neg	34818	9657327
589.9166870117188	0.0	active/pos	34817	9665195
590.397216796875	0.0	active/neg	34818	9673068
590.9224853515625	0.0	active/pos	34817	9681674
591.4479370117188	0.0	active/neg	34818	9690283
591.958251953125	0.0	active/pos	34817	9698644
592.483642578125	0.0	active/neg	34818	9707252
593.0390625	0.0	active/pos	34817	9716352
593.5343017578125	0.0	active/neg	34818	9724466
594.08984375	0.0	active/pos	34817	9733568
594.615234375	0.0	active/neg	34818	9742176
595.1406860351562	0.0	active/pos	34817	9750785
595.6810913085938	0.0	active/neg	34818	9759639
596.1613159179688	0.0	active/pos	34817	9767507
596.6569213867188	0.0	active/neg	34818	9775627
597.1820678710938	0.0	active/pos	34817	9784231
597.7076416015625	0.0	active/neg	34818	9792842
598.218017578125	0.0	active/pos	34817	9801204
598.71337890625	0.0	active/neg	34818	9809320
599.2987670898438	0.0	active/pos	34817	9818911
599.80908203125	0.0	active/neg	34818	9827272
600.3196411132812	0.0	active/pos	34817	9835637
600.8297729492188	0.0	active/neg	34818	9843995
601.3853149414062	0.0	active/pos	34817	9853097
601.8958129882812	0.0	active/neg	34818	9861461
602.4360961914062	0.0	active/pos	34817	9870313
602.9013671875	0.0	active/neg	34818	9877936
603.36669921875	0.0	active/pos	34817	9885560
603.8772583007812	0.0	active/neg	34818	9893925
604.3425903320312	0.0	active/pos	34817	9901549
604.8980102539062	0.0	active/neg	34818	9910649
605.4083862304688	0.0	active/pos	34817	9919011
606.4591674804688	0.0	active/pos	34817	9936227
606.9695434570312	0.0	active/neg	34818	9944589
607.4498291015625	0.0	active/pos	34817	9952458
608.0052490234375	0.0	active/neg	34818	9961558
608.5156860351562	0.0	active/pos	34817	9969921
609.0862426757812	0.0	active/neg	34818	9979269
609.596435546875	0.0	active/pos	34817	9987628
610.136962890625	0.0	active/neg	34818	9996484
610.6472778320312	0.0	active/pos	34817	10004845
611.1575317382812	0.0	active/neg	34818	10013205
611.7281494140625	0.0	active/pos	34817	10022554
612.20849609375	0.0	active/neg	34818	10030424
612.7037963867188	0.0	active/pos	34817	10038539
613.18408203125	0.0	active/neg	34818	10046408
613.7396850585938	0.0	active/pos	34817	10055511
614.2648315429688	0.0	active/neg	34818	10064115
614.7752685546875	0.0	active/pos	34817	10072478
615.3309326171875	0.0	active/neg	34818	10081582
615.811279296875	0.0	active/pos	34817	10089452
616.3518676757812	0.0	active/neg	34818	10098309
616.8471069335938	0.0	active/pos	34817	10106423
617.3572387695312	0.0	active/neg	34818	10114781
617.8826904296875	0.0	active/pos	34817	10123390
618.4081420898438	0.0	active/neg	34818	10131999
618.9183959960938	0.0	active/pos	34817	10140359
619.413818359375	0.0	active/neg	34818	10148476
619.9542236328125	0.0	active/pos	34817	10157330
620.4346313476562	0.0	active/neg	34818	10165201
620.9602661132812	0.0	active/pos	34817	10173813
621.4559936523438	0.0	active/neg	34818	10181935
621.9657592773438	0.0	active/pos	34817	10190287
622.47607421875	0.0	active/neg	34818	10198648
622.986572265625	0.0	active/pos	34817	10207012
623.4974975585938	0.0	active/neg	34818	10215383
624.0223388671875	0.0	active/pos	34817	10223982
624.5177001953125	0.0	active/neg	34818	10232098
625.05810546875	0.0	active/pos	34817	10240952
625.5833740234375	0.0	active/neg	34818	10249558
626.10888671875	0.0	active/pos	34817	10258168
626.6043701171875	0.0	active/neg	34818	10266286
627.1295776367188	0.0	active/pos	34817	10274891
627.6550903320312	0.0	active/neg	34818	10283501
628.120361328125	0.0	active/pos	34817	10291124
628.6306762695312	0.0	active/neg	34818	10299485
629.6214599609375	0.0	active/neg	34818	10315718
630.1469116210938	0.0	active/pos	34817	10324327
630.6272583007812	0.0	active/neg	34818	10332197
631.0926513671875	0.0	active/pos	34817	10339822
631.6028442382812	0.0	active/neg	34818	10348181
632.1434326171875	0.0	active/pos	34817	10357038
632.6539306640625	0.0	active/neg	34818	10365402
633.1642456054688	0.0	active/pos	34817	10373763
633.6294555664062	0.0	active/neg	34818	10381385
634.0953369140625	0.0	active/pos	34817	10389018
634.5601196289062	0.0	active/neg	34818	10396633
635.04052734375	0.0	active/pos	34817	10404504
635.5962524414062	0.0	active/neg	34818	10413609
636.1064453125	0.0	active/pos	34817	10421968
636.6170654296875	0.0	active/neg	34818	10430334
637.1270751953125	0.0	active/pos	34817	10438690
637.5926513671875	0.0	active/neg	34818	10446318
638.1029052734375	0.0	active/pos	34817	10454678
638.6132202148438	0.0	active/neg	34818	10463039
639.1085205078125	0.0	active/pos	34817	10471154
639.5891723632812	0.0	active/neg	34818	10479029
640.0693969726562	0.0	active/pos	34817	10486897
640.5196533203125	0.0	active/neg	34818	10494274
641.0000610351562	0.0	active/pos	34817	10502145
641.54052734375	0.0	active/neg	34818	10511000
642.0208129882812	0.0	active/pos	34817	10518869
642.5311889648438	0.0	active/neg	34818	10527231
642.9965209960938	0.0	active/pos	34817	10534855
643.4920043945312	0.0	active/neg	34818	10542973
643.9722900390625	0.0	active/pos	34817	10550842
644.4376831054688	0.0	active/neg	34818	10558467
644.9481201171875	0.0	active/pos	34817	10566830
645.4133911132812	0.0	active/neg	34818	10574453
645.9537963867188	0.0	active/pos	34817	10583307
646.404052734375	0.0	active/neg	34818	10590684
646.8995971679688	0.0	active/pos	34817	10598803
647.4097290039062	0.0	active/neg	34818	10607161
647.8601684570312	0.0	active/pos	34817	10614541
648.3556518554688	0.0	active/neg	34818	10622659
648.8659057617188	0.0	active/pos	34817	10631019
649.3764038085938	0.0	active/neg	34818	10639383
649.9017333984375	0.0	active/pos	34817	10647990
650.3670654296875	0.0	active/neg	34818	10655614
